x<- c(7,8,10,45)
y <- c(-7, -8, -10, -45)
x+y
x<- c(7,8,10,45)
x+c(-7,-8)
